2
84
94
38
58
14
19
46
35
76
93
53
102
79
111
29
25
22
36
28
109
23
88
55
116
72
102
97
46
69
99
5
60
50
104
104
89
22
10
78
76
65
92
68
92
80
19
16
60
42
4
81
60
124
60
53
62
114
37
35
50
61
13
82
124
118
2
103
63
75
124
23
25
128
21
9
64
1
53
61
60
54
67
89
84
4
115
108
85
119
94
81
55
68
119
2
79
67
124
22
113
39
1
88
93
68
75
81
116
66
58
61
78
83
95
100
118
8
67
93
82
41
53
35
122
93
47
83
24
100
2
83
15
105
83
67
4
62
0
107
113
57
33
68
25
0
46
65
101
81
62
18
40
56
80
83
62
23
37
120
10
72
127
110
112
77
117
18
