110
72
33
37
8
94
20
25
83
1
24
14
42
51
46
65
78
38
33
73
111
91
65
75
123
67
16
123
98
17
82
82
104
22
100
8
113
18
115
25
68
66
22
35
19
118
125
16
90
88
16
121
119
90
47
40
87
64
35
64
57
113
46
3
24
35
68
115
44
93
69
94
45
80
108
97
73
122
2
125
34
84
51
19
92
88
4
107
126
24
104
118
122
31
84
17
78
62
86
81
24
103
37
66
39
66
36
43
0
101
42
108
98
91
45
86
18
7
32
97
117
15
32
80
95
51
16
12
119
107
113
30
39
90
92
77
49
99
7
82
25
21
107
119
22
107
56
83
79
78
61
57
127
29
51
89
47
91
31
57
90
109
89
119
10
83
37
84
104
18
23
2
46
53
24
34
86
77
67
41
121
80
27
110
1
26
75
54
45
79
98
69
94
2
119
69
117
69
54
67
3
116
53
84
86
111
91
101
16
38
60
63
98
54
32
100
52
91
53
64
23
116
99
68
8
92
28
63
81
56
126
105
15
125
31
51
122
93
9
41
13
72
39
116
53
120
40
126
109
108
59
97
127
94
46
88
55
61
6
19
64
12
83
63
65
101
55
1
8
3
122
109
49
24
4
98
122
52
82
95
8
34
70
1
120
19
99
105
103
61
1
2
85
48
82
24
62
40
88
19
